0.0,0.7921973490769001,1.6067223855481074,2.6206529059087917,3.5848919082184847,3.999310485608134,4.836036254544861,5.086852375140481,5.678103840574109,6.294910284605197,6.868347089479462,7.2556359034918305,7.432981773195775,8.253549653490623,8.797214951615794,9.250287655281335,9.693912467836212,10.048011616730705,10.768852729181972,11.417082564812231,11.934252938904107,12.54615627483849,12.900491110116487,13.5202460345098,14.126913199149262,14.174855205000297,14.98868601798051,15.85358190543838,16.177300614575998,16.750972225986565,17.456070078477737,17.804028284802918,18.607279731877032,18.65323540643986,19.542965228682057,19.75249623309482,20.51127191504803,21.300647288669808,22.28605365423241,23.045561994567777,23.955709397388627,24.89202594483334,25.346092617429264,26.07253626146204,27.12462416730503,27.356859094980017,28.44539233201379,28.58973382688265,28.743728717419152,29.178279493480023,29.324856957276417,29.43416536918231,30.022621331083734,30.893055277215414,31.26689967939167,31.28980168974032,31.28980168974032,31.94615126457596,32.07707296450098,32.25641008204091,33.22944417363486,34.58337051820546,35.070073980268255,35.978939614539065,36.21048617017204,37.2782768847048,38.0581953567379,38.75399648695211,39.198334312016776,39.84701539344528,39.87804730737948,40.83817338556642,41.36544092084373,42.325184778087134,42.85536757760664,43.61028983229583,44.11359453002645,44.52831963183595,45.37339964794132,45.83020079051367,46.71303753025794,47.428295750157154,48.5089757105903,49.20128326820504,49.80565107827127,50.67073394351901,51.31440318259404,51.51411656187311,51.96445991807344,52.581259360625744,52.86790835267617,53.10479999964079,54.08776584081714,54.63995998261301,54.98534756488542,55.81988000855412,56.69440037527396,57.90961703011341,58.85934020873922,59.72769371312914,61.02364803952828,62.076575208975285,62.73669168906725,64.93084451892936,65.40730116895443
0.7921973490769001,0.0,0.8145278147350756,1.8287726464564549,2.817499474502959,3.2446627083443653,4.083958926559558,4.336996704815576,4.935127756024692,5.551698150927054,6.120835634739467,6.508655550876931,6.686347733372911,7.51628347649684,8.06470665571017,8.516221878368311,8.954261513635752,9.30580643539388,10.02339744951955,10.673156003415054,11.19825942692156,11.816463267333388,12.17343024304397,12.797075250767884,13.408304455217785,13.45660436527018,14.275068985592794,15.129059694584727,15.448660989506076,16.0158243327475,16.714135733917644,17.059992847992742,17.8594947496854,17.905228372145775,18.791264127516204,19.0007428397144,19.7627494184664,20.55635330542461,21.543392085361983,22.30313272302324,23.21359313704485,24.145180188434782,24.595708627210527,25.318472172908507,26.367750238207886,26.599410237036157,27.683118572764524,27.825287373744924,27.977106639207594,28.40624303884335,28.55050771002977,28.65808959737172,29.241221321010983,30.106762030912154,30.479389778582185,30.502227163816325,30.502227163816325,31.15655763643481,31.287242721628893,31.466322712346752,32.43907347167394,33.793245774708474,34.27984318387998,35.18825248666462,35.41969610546878,36.48707630469436,37.26674999366661,37.9623670273844,38.40660595510964,39.05516036165125,39.08618698634549,40.04617022727851,40.57337810331539,41.53304859778596,42.06320330935539,42.81810260054969,43.32139733324255,43.73612688159531,44.581227326974776,45.03804363776854,45.92091810375445,46.63622511704333,47.71711177379397,48.40971981868113,49.014468306866426,49.87981925835673,50.52414689951488,50.72484462166255,51.17654190548969,51.79447977820172,52.081764222669385,52.31954346718248,53.30396076150356,53.8574038571244,54.20369378282716,55.03900273111225,55.91417063874889,57.13201282722117,58.08367877367127,58.95382561947202,60.25251886010237,61.30789382374842,61.96946942018033,64.1694076733748,64.64736247338776
1.6067223855481074,0.8145278147350756,0.0,1.014912215299127,2.047104916134204,2.4918293977302004,3.328873991565835,3.5837708680507494,4.188732853284009,4.80260444737912,5.364434117754253,5.752047365472351,5.929808897957101,6.769901328154456,7.323196322894456,7.772079369667563,8.202771371626552,8.550845533974098,9.26387732755686,9.914905938711474,10.448858771678772,11.073869615042282,11.433589017310714,12.0612213524969,12.677207189378583,12.725879516933423,13.54902979709392,14.390240037690596,14.705064550550212,15.264700798217987,15.95519597662478,16.298611369789192,17.093742281163884,17.13921905866668,18.020980390988363,18.23036060839586,18.99577536167733,19.79386514435547,20.78250469193891,21.542365804655518,22.45301855480043,23.37934125976169,23.82598319821068,24.544690807645168,25.59084165011223,25.821863204810207,26.900305938758155,27.04013490683072,27.18961302927155,27.612932772661157,27.754720447481965,27.86045574383948,28.437904472999847,29.29825783688292,29.669605096286176,29.69237463187672,29.69237463187672,30.344599038788704,30.47503933842062,30.65385401302692,31.62631139812862,32.98073140508534,33.467219031166856,34.375162177338915,34.606501316129695,35.67346816303741,36.452898828230296,37.148335680842926,37.592479122533376,38.240913178757935,38.27193483948773,39.231786857330334,39.75894241963486,40.718553137357766,41.248688079397446,42.00357557741005,42.50687735589761,42.92162032836883,43.76675667854301,44.22359574714819,45.10652263049098,45.82189350979934,46.903034397353366,47.59599574633619,48.20118126947136,49.06683571148376,49.71190210813427,49.91369343691152,50.36688172384487,50.98606512984793,51.27404278729039,51.512788893123705,52.49877997756301,53.05357491615897,53.40084004702059,54.23698361254196,55.11284539904176,56.33351017050275,57.28725897169386,58.15932503269884,59.46094400547531,60.51892968708301,61.182059133138296,63.38815041215344,63.86769680478614
2.6206529059087917,1.8287726464564549,1.014912215299127,0.0,1.1390953589341204,1.6037700561788673,2.412577694383344,2.66658765978502,3.275295817723022,3.879018841833507,4.4260141079463615,4.811456998506577,4.988563214745443,5.840002825383299,6.398260037433061,6.842192433600087,7.261882404425316,7.604635667400748,8.310543132977214,8.962361268415615,9.507019390360952,10.139977120333532,10.502775666097218,11.13475254540156,11.756089854050872,11.805181110476289,12.633392512080013,13.45789118873576,13.766590941932987,14.316675250445314,14.997396066081237,15.337753180216206,16.127426871589346,16.172587072776246,17.049104445591194,17.258317015742808,18.02749040605266,18.83059724184997,19.82085801005196,20.58068501795654,21.491367561976077,22.41146603970152,22.85361691089087,23.567661416226525,24.61021349254174,24.840506042303755,25.913098913936476,26.050399089343124,26.197373357823672,26.61461042559529,26.753884821764725,26.857782915577232,27.429835593351484,28.285848364140104,28.65628699043822,28.67901125153116,28.67901125153116,29.330045924036337,29.460386210188734,29.639106350741784,30.61147912394053,31.965967630564723,32.452422332938326,33.360267358950544,33.59159564112075,34.65857659353548,35.438076663967294,36.13361286947245,36.57783407232947,37.22640445434181,37.2574329770893,38.217524567033365,38.744828547281166,39.70471101429532,40.23501139663124,40.990120622001655,41.49376076121684,41.90868251207767,42.75412772875728,43.21111872835207,44.09434084392838,44.81001634260051,45.89212667271993,46.58617719671379,47.19253670917622,48.058941471621,48.70571148782271,48.909828472131856,49.36596891458519,49.98749662494067,50.2767456553018,50.51723466358087,51.5059903903582,52.06311176196677,52.41203151802522,53.24956881078405,54.12657718876944,55.35186934644384,56.30896980954887,57.18408589654124,58.49029521752887,59.55232748409422,60.21784459820263,62.433277614828704,62.915215228707645
3.5848919082184847,2.817499474502959,2.047104916134204,1.1390953589341204,0.0,0.4648079938156086,1.285557196031248,1.540765770675121,2.148604104999179,2.75918840753858,3.3178152214317587,3.705282421492715,3.8830161327002206,4.725798717286434,5.281022838056756,5.728366969473702,6.156489480870501,6.503938874784919,7.216805141825647,7.867804085003807,8.402712141528433,9.0296711102338,9.390401919341436,10.019684020647473,10.637977028932308,10.686842991133762,11.512504509634509,12.346896916410971,12.65999828266384,13.217945350139264,13.908195537571908,14.251892560723531,15.04800708939916,15.093561671906093,15.976971973505773,16.186403106314692,16.950472320351757,17.747396791086203,18.73578017548892,19.495632449440865,20.406267390189768,21.33375383073049,21.781837411778632,22.50265525823461,23.55090962422169,23.782415482912267,24.86564567535848,25.0081190977076,25.16061606056953,25.59339057019352,25.740259751597428,25.850301822459144,26.444742520569832,27.328914827391927,27.708445550277368,27.731689147577352,27.731689147577352,28.40171839388153,28.534766822256124,28.71659919431612,29.69250738957224,31.043533346619547,31.531272363726405,32.44533517663025,32.67819898129192,33.751983170553004,34.53626769687032,35.235968458165274,35.68271820202552,36.33497231059887,36.36616857704312,37.33144924180016,37.86150562694819,38.82584039257187,39.35859052679968,40.1167366312213,40.62471788118065,41.04174996994099,41.890614740226106,42.34919967542054,43.23539019208823,43.95400400924479,45.04482821879622,45.74765509729932,46.36258980295727,47.23402535253889,47.891597047545496,48.10917602875094,48.58073423412903,49.21350032594805,49.50856854568372,49.756785698806816,50.75712919868534,51.32359350506018,51.67894741237758,52.521682047343766,53.40285467003377,54.6446952970918,55.6132019830785,56.49834327746901,57.81909047651267,58.89347306529076,59.566083729547536,61.808183357942696,62.29670048926042
3.999310485608134,3.2446627083443653,2.4918293977302004,1.6037700561788673,0.4648079938156086,0.0,0.839454553689337,1.0933214896791068,1.6969052407029042,2.311308791980261,2.876845820482427,3.264709636926417,3.4424675000277,4.278492365469162,4.831368493212249,5.280449336965717,5.713169222182193,6.0630167645796895,6.779207400171681,7.429343852290118,7.958747702385554,8.582261455219472,8.941782384920899,9.569477366154052,10.186029811036294,10.23476745753824,11.058952318445094,11.898431180371055,12.213745178895202,12.775579893143732,13.470449302000308,13.815725492057032,14.614832872786623,14.660570324040831,15.547142806249086,15.756638978426372,16.5181213384315,17.311956538508124,18.29931582289361,19.059096367016863,19.96961650923861,20.9005197815528,21.351354681254367,22.075271589905324,23.12607300566581,23.358118329631257,24.446152254700195,24.590989382933447,24.74600269195309,25.18582090663873,25.33612415233565,25.44893833545881,26.05340316316839,26.950060043472103,27.33358442681536,27.35705556929277,27.35705556929277,28.035414668550004,28.169641120564563,28.352821423829177,29.330134106656534,30.67942744101733,31.16766409009181,32.08434036221396,32.31784839869539,33.394480625787715,34.18076383271448,34.8822019966755,35.33000392824776,35.98379080553058,36.015056695685985,36.98249132832622,37.51368838879979,38.47985725149421,39.013616798273176,39.77300475964656,40.28281968454292,40.700725924654,41.5509906849267,42.01022262513328,42.89761619368323,43.6174363580807,44.71192947402424,45.41848161834036,46.03705790400374,46.910584678191725,47.57274432606793,47.796083108435816,48.2742080924478,48.91172845010559,49.20925884013601,49.46075589628289,50.46595784441232,51.03635592127157,51.39441967897496,52.23929524619123,53.1221664879435,54.37093694690967,55.34420546707453,56.23352590383078,57.56032510790406,58.639847746302586,59.315404607919966,61.56858828550794,62.05984176048307
4.836036254544861,4.083958926559558,3.328873991565835,2.412577694383344,1.285557196031248,0.839454553689337,0.0,0.2552159017481978,0.8635323715936265,1.474053046382362,2.037428418517862,2.425290257170525,2.603056112880483,3.441209906659413,3.9956882562113054,4.443600070891375,4.8743864589131,5.223763158083586,5.939753359909492,6.589904430397162,7.120245965128779,7.745250019611198,8.105500460106176,8.734340224924514,9.352423240359052,9.401286560259454,10.22705873098135,11.062097362120436,11.37621892367963,11.93672876409646,12.631008465966046,12.97627976191103,13.775605394007671,13.82136507097917,14.708466113677714,14.917972791309053,15.678985419460773,16.472529092117345,17.459861862250158,18.2196419389085,19.1301620193915,20.06124918349572,20.512485242493334,21.237086323136552,22.288608031245648,22.520822980754502,23.610626045130044,23.756490787137345,23.912697305904,24.356340829889184,24.508742592068376,24.623350396669057,25.23494540252967,26.141679047169045,26.52865798898672,26.55232897242508,26.55232897242508,27.23823903173667,27.37356270530966,27.55800505035462,28.53656919087701,29.88409464606461,30.372764292544414,31.291867992165425,31.525979305392912,32.6053005585003,33.39349284588997,34.096605116239765,34.545426304971386,35.20070733281131,35.23204124352253,36.2015914739188,36.73391628821158,37.70190334995988,38.23667003488687,38.9972966930325,39.5089928333985,39.92778951993194,40.779475733012845,41.23936342721868,42.1279794450454,42.849042164716096,43.94741484816459,44.65798260894879,45.28053822443658,46.1563405846868,46.82362107960168,47.053527541075766,47.53925899704271,48.18235053538773,48.48279480216984,48.73821083863103,49.749229980765584,50.32440232610335,50.68578144699,51.53325069336152,52.4181740943489,53.67555316700104,54.65479779753931,55.5494053149449,56.883930357622496,57.97008293449024,58.649462537641085,60.917213596364526,61.41210703817222
5.086852375140481,4.336996704815576,3.5837708680507494,2.66658765978502,1.540765770675121,1.0933214896791068,0.2552159017481978,0.0,0.6087994385365676,1.218947617168414,1.7838574343391695,2.17169951868108,2.3494212370784293,3.1861846744002,3.7404957462943336,4.1885186625457305,4.619910025937353,4.969728375710703,5.686411184928047,6.33632418009999,6.865625035136724,7.490215754583535,7.850374203936363,8.479140871456867,9.09721181300059,9.146077331216809,9.971907701568446,10.806983699838897,11.121293691740044,11.682310077285782,12.377411036746194,12.723004190474038,13.522984442797805,13.56878599475511,14.456638104901469,14.666155705161913,15.426519004083469,16.219357708644807,17.20646706554241,17.96622593241727,18.87671575108596,19.80851959274102,20.260388731628364,20.98574902740365,22.037920777892197,22.2702766454385,23.361400609120277,23.50795391907427,23.66491446295966,24.11077065342956,24.264301698241365,24.379842257835648,24.99493790370772,25.90626932622297,26.29476085883901,26.318518537194507,26.318518537194507,27.00765631873409,27.14344028508569,27.328409072115583,28.30747126049602,29.654222244889542,30.1430622283393,31.0631582886037,31.29751488396123,32.37792313611228,33.1668814922276,33.87066197917617,34.319888124453755,34.9757609557578,35.00712172514555,35.97750525307446,36.510272293825054,37.47896789266471,38.014125926820455,38.77523092218665,39.28766305720881,39.70680389137544,40.55903500663154,41.019172460479005,41.90825288864725,42.62978983763316,43.72965557613127,44.44176528221266,45.06584049225975,45.94249901727608,46.61171762401562,46.84410141478281,47.3326741513527,47.97782627846711,48.27934414697304,48.5362019978862,49.54933930569257,50.12624645249403,50.48882673545704,51.337222515940645,52.22287370277583,53.48333869969134,54.4647118525317,55.36119441643377,56.69844688351343,57.786930315210114,58.4676486064587,60.74047974569988,61.23663747742405
5.678103840574109,4.935127756024692,4.188732853284009,3.275295817723022,2.148604104999179,1.6969052407029042,0.8635323715936265,0.6087994385365676,0.0,0.616892950891891,1.1923982839358735,1.5784716037512825,1.7554311203133264,2.5822206516509567,3.1344635787465283,3.5837708002007367,4.019135460555415,4.371151514633187,5.090812484759474,5.739483772513311,6.263626210877509,6.885542055417006,7.244886275710924,7.872700940344036,8.48988894101039,8.538696259257913,9.363933572167737,10.201532550503908,10.517246787055068,11.081031946565322,11.779784225613714,12.126679890415677,12.929175894511344,12.97513409518538,13.86571932539598,14.07526255843436,14.83318516115868,15.623281260405662,16.60946758323231,17.36911870964457,18.27946255621285,19.214027515848663,19.66822314118,20.39626347343002,21.45064624257561,21.68347430107725,22.778967107403275,22.927758362326944,23.08713578135049,23.53992252848096,23.696920514956627,23.815294993948594,24.44081728500252,25.36547701375688,25.75827751268232,25.7822811395655,25.7822811395655,26.480529787251893,26.617600541375904,26.80403577366001,27.784413486131307,29.128882981403205,29.618165657835505,30.540977359047883,30.77600341009752,31.859369840349803,32.6504058411199,33.35599421398904,33.80631309498928,34.46378102836288,34.49521404130416,35.46783701813831,36.00178987547282,36.97237672160121,37.50857838762485,38.27095232922965,38.785369885390985,39.205428472429546,40.05910191041024,40.51989667549182,41.41019746058897,42.13298906237617,43.23685269216788,43.95309794103067,44.58124006201004,45.46016074320343,46.13454744131679,46.373541411377495,46.86965406090546,47.52024061039908,47.82458530760641,48.08524029348175,49.10391166400038,49.68535260348588,50.051068229435735,50.90185191874,51.78936708431723,53.05783661406287,54.04471033099283,54.946027114990365,56.29029421841543,57.38476067564558,58.06890716150463,60.35472546170058,60.8541098221101
6.294910284605197,5.551698150927054,4.80260444737912,3.879018841833507,2.75918840753858,2.311308791980261,1.474053046382362,1.218947617168414,0.616892950891891,0.0,0.5799704846855439,0.9632011627098356,1.1395595854829548,1.9672973786423984,2.5218530065313027,2.9695720529819623,3.4027026872390653,3.7543299865881776,4.473960090740181,5.122591301595313,5.647702400309405,6.271294426925947,6.631447819708554,7.260501187970436,7.879299691723781,7.9282371862947345,8.755074398872289,9.588045584793605,9.90251950353087,10.464901335521697,11.162947756370508,11.509788417295823,12.31238319294355,12.358355174971091,13.249299136889508,13.458844553123807,14.216427694845258,15.006388764556798,15.992601455703332,16.752259198683777,17.6626129022331,18.59717103537757,19.051578890612472,19.780053637598005,20.834915573940364,21.067858352536877,22.16460207494188,22.314149498870787,22.47441552639073,22.930095254373786,23.08870202864326,23.208458710207985,23.839489031657425,24.77194519805821,25.16740382724136,25.191560899764397,25.191560899764397,25.895633393659768,26.03354265488048,26.220936440044778,27.202121077303023,28.54499106802033,29.034536901222744,29.959096701695497,30.19455601249373,31.27984707977257,32.072245240885614,32.77902586208111,33.230067587982774,33.8885953380456,33.92007639388508,34.894194246310335,35.4289419711579,36.400796741995286,36.93770127765185,37.70092768914454,38.21671711788117,38.63740379699931,39.492058800566575,39.95329911976759,40.8444281382908,41.56808275798303,42.67476496877533,43.39397075497996,44.02505323386546,44.90559746854076,45.583777302274726,45.827703816474425,46.3295027357174,46.98421671874194,47.29072342835126,47.55430379416384,48.57723487145808,49.16220148662602,49.53036906129995,50.38299814076415,51.27194705849034,52.54673352837639,53.53797567987109,54.44315146477325,55.79305073910495,56.892354538495006,57.57928254470117,59.87573141680754,60.37777875932333
6.868347089479462,6.120835634739467,5.364434117754253,4.4260141079463615,3.3178152214317587,2.876845820482427,2.037428418517862,1.7838574343391695,1.1923982839358735,0.5799704846855439,0.0,0.3878638254899901,0.5656287870001788,1.4156386366628904,1.976205099739395,2.416653455450925,2.8387650708624044,3.186591267751382,3.902561859791539,4.5525100487547165,5.0850096734570185,5.714426698181433,6.076808404686217,6.708893497439037,7.331327122150628,7.380544331992593,8.210589189875018,9.032314232681736,9.343118098151352,9.90026669430248,10.593613856258967,10.939157249053569,11.73965281892968,11.785509134568745,12.67467128363032,12.884206617833929,13.643379877274036,14.435538993536564,15.422610671392148,16.18237157731989,17.092866121304258,18.02502184552327,18.47780227530346,19.20475202593194,20.25858971161921,20.491337035593457,21.58658822780113,21.73556522565283,21.89534315800084,22.350236530546614,22.508733844268622,22.62851972884816,23.260420204667696,24.1953430309542,24.591851023002857,24.616071179538054,24.616071179538054,25.322715394785806,25.461019087576982,25.64886986228513,26.630427487013744,27.97250057718539,28.462163774374226,29.38755433547767,29.623222725128965,30.70945677290993,31.50253586450482,32.20992120379268,32.66133307940472,33.32040872407515,33.35191473033884,34.32681498472588,34.86198303179976,35.834512590773414,36.37179449947245,37.13547977895004,37.65202636703937,38.07305930423488,38.92825544800214,39.389741522890624,40.28132903860266,41.00546767445385,42.11377043035792,42.83471647347637,43.46755804955252,44.3490758643993,45.02958508969152,45.27661303479674,45.78206008543487,46.43946222755482,46.74739223257582,47.01291699038476,48.038692898352025,48.62604491041661,48.99588481960129,49.84976424750447,50.73968265683938,52.01884365731903,53.01314143710883,53.92103694707606,55.2749385985837,56.37771175699903,57.066645267252056,59.37084367036753,59.87485216276146
7.2556359034918305,6.508655550876931,5.752047365472351,4.811456998506577,3.705282421492715,3.264709636926417,2.425290257170525,2.17169951868108,1.5784716037512825,0.9632011627098356,0.3878638254899901,0.0,0.1777851068303212,1.0356316947981543,1.5972494458730049,2.033384398261282,2.4516747012710107,2.7988526160550866,3.5147485875964914,4.16464876451351,4.6978615049116845,5.328530287573035,5.691471973192247,6.32436284959876,6.947859985567274,6.997162069404703,7.828174468946439,8.646451306737358,8.956404994923584,9.512683851277648,10.205751607100284,10.55134099239966,11.352074652128014,11.397951200038747,12.287548178023052,12.497087530331884,13.255865761876656,14.047744605172234,15.034768953847458,15.794526542649685,16.705016883379145,17.63737037972497,18.09045788574129,18.81788247209832,19.872187378403808,20.10504198664649,21.201401513354945,21.35101773636823,21.51153022171802,21.968740207058836,22.12849524826227,22.2493499765425,22.885429467274367,23.82612574029191,24.224571917371748,24.248903533047223,24.248903533047223,24.959762753581128,25.0986675986245,25.28720277606533,26.26929006776441,27.610142551012487,28.099973171725,29.026578841591743,29.26254744130832,30.350110362121228,31.144126134548078,31.85232900210016,32.30423483003552,32.96403385396474,32.995572557707504,33.97148937084642,34.507196459734665,35.48058008443408,36.01833504638189,36.78258935858356,37.30007771238139,37.72153427928221,38.57738459456579,39.03916481293718,39.93129787728002,40.65601206880308,41.76623483868784,42.489207317934266,43.12405927347074,44.006665706890544,44.68976254553623,44.940169847814175,45.449492703264646,46.10968828527117,46.419080490014345,46.68658771674346,47.71521656833523,48.30493675511031,48.67642298915722,49.53151405869831,50.42236326705566,51.70573522130265,52.70293345659864,53.61338554081417,54.97101032669485,56.07697770238255,56.76774304759622,59.078941497057215,59.58470308967998
7.432981773195775,6.686347733372911,5.929808897957101,4.988563214745443,3.8830161327002206,3.4424675000277,2.603056112880483,2.3494212370784293,1.7554311203133264,1.1395595854829548,0.5656287870001788,0.1777851068303212,0.0,0.862912595396633,1.424323955996718,1.8577827752627276,2.274127165922807,2.6210750782530523,3.337079430095208,3.986908453617709,4.520263731574666,5.151427731600762,5.514601080979752,6.147827531503744,6.771775944920076,6.821114209772468,7.652534452179903,8.469332180710374,8.778951940812497,9.334937387933463,10.028006717174597,10.37366117729575,11.174585051389952,11.22047574997167,12.110353922147269,12.319895376775657,13.078418724610502,13.870085158832444,14.857059462169246,15.616812640380004,16.527297044075834,17.459824627869043,17.913118678114955,18.64083235322396,19.69540646435204,19.92832161275307,21.02529153605212,21.175251585600776,21.33615408443558,21.794570991458336,21.954971754646987,22.07637149079705,22.714556862507614,23.658120021826715,24.05752021170448,24.08190657724068,24.08190657724068,24.794831469681924,24.934029528615884,25.12289790552046,26.10523385742517,27.445476330464057,27.93538447420622,28.862575682945764,29.098688754964016,30.18689023017225,30.9813553365169,31.68994992158589,32.142092093898256,32.80223707251502,32.83379139562111,33.81019364984611,34.34615786420784,35.319947795393546,35.8579277331394,36.62245179199006,37.14039144855384,37.56204963950401,38.418209861072384,38.8801289135923,39.77251925700369,40.49750620003747,41.60864604457888,42.33258782174156,42.96840066393815,43.85152364446566,44.535855606583816,44.78787752291576,45.2990477866914,45.96057098598963,46.27065775123305,46.53910709489812,47.56908596740927,48.15992755239163,48.53219309257346,49.38785332926883,50.279138067722336,51.5644976397811,52.563062674868455,53.47471835725982,54.83409424105332,55.94156300778361,56.633188476569,58.947672541408295,59.45425666490485
8.253549653490623,7.51628347649684,6.769901328154456,5.840002825383299,4.725798717286434,4.278492365469162,3.441209906659413,3.1861846744002,2.5822206516509567,1.9672973786423984,1.4156386366628904,1.0356316947981543,0.862912595396633,0.0,0.561631285024388,1.002635879218975,1.441133672026507,1.798669894622872,2.5255032566585136,3.168274646147045,3.682004762498833,4.304040139646832,4.664659685045671,5.295045653380013,5.916252389670368,5.965406593047267,6.795008258630351,7.621099685306182,7.935255523409091,8.499584347117295,9.202853129886456,9.551952967409475,10.359247003789765,10.405525784408766,11.301977861697578,11.511493264228012,12.2636862810413,13.048325511198298,14.032857667895271,14.792268393692362,15.702315008268329,16.641451330583998,17.10017030414206,17.833933405369198,18.893276726385807,19.12719387412044,20.23348378068237,20.388223126617,20.554232666916736,21.027021660477292,21.19450956797937,21.321652850658644,21.980494442163515,22.949622278494545,23.35706078087847,23.38190254009606,23.38190254009606,24.1116771632612,24.253201946332,24.44469130354176,25.42876138446155,26.76382837229024,27.254254211586357,28.18591800047317,28.423126837876676,29.516134912668907,30.313951089712745,31.025447813510077,31.47932971226963,32.14201247406549,32.17368083482159,33.153617837225475,33.69144356004145,34.66814567222996,35.20773349244646,35.97416421413103,36.495387899967774,36.91848166864578,37.77681560523335,38.239696802557695,39.13386394369472,39.86075863352122,40.97843212634476,41.7092636820115,42.35185013517872,43.23852787187885,43.93145164778253,44.19464014065527,44.71838816010261,45.38881059901952,45.70352417935359,45.97823230441425,47.01703932661006,47.61518788257085,47.99250678813702,48.85177868753664,49.74579502317456,51.043836575392575,52.051033999511446,52.97023944734438,54.34051902711033,55.45727304991586,56.15418491606342,58.48871860452305,59.00028710811633
8.797214951615794,8.06470665571017,7.323196322894456,6.398260037433061,5.281022838056756,4.831368493212249,3.9956882562113054,3.7404957462943336,3.1344635787465283,2.5218530065313027,1.976205099739395,1.5972494458730049,1.424323955996718,0.561631285024388,0.0,0.4545870352854689,0.9190310805034846,1.282285070548842,2.0108251370621435,2.6424355457712725,3.137783362354692,3.751938680001967,4.110476528193743,4.738664978345212,5.3579860411137705,5.407020370020622,6.235469404731036,7.067101372772743,7.384108823085479,7.953757786840007,8.663567898026669,9.014835025237538,9.826066789667893,9.872586353851844,10.77307206839926,10.98249470357841,11.730291020195732,12.510191217752071,13.492983365883171,14.252060502973052,15.16170836092842,16.10488529855207,16.566973810725383,17.304472465417362,18.366695569157617,18.601216756526306,19.713282216553345,19.871048711245624,20.04029905811081,20.5222345792199,20.694256848738185,20.825081854345186,21.497151274325176,22.48264902028576,22.895213714194703,22.92034547813421,22.92034547813421,23.66089798029044,23.803901064128706,23.997047698527208,24.982008705942096,26.31342945703696,26.80409241396497,27.738470547456945,27.976343602661917,29.072260307650264,29.87210270543604,30.585353948335413,31.040284653188277,31.70449938291334,31.73623634908541,32.71830288818151,33.257249013055215,34.235688131103764,34.77623708782957,35.54379289247311,36.06706136512474,36.49102454922693,37.35064980975291,37.81409376884658,38.70929822846385,39.43733623065252,40.55908242004324,41.2942593162958,41.94112741695521,42.829995615967206,43.528366212429766,43.79870265914506,44.33048292188134,45.00655908154981,45.32421641162672,45.60292337418888,46.64730366852482,47.25009417913611,47.63062784260479,48.49213782932532,49.38782434204919,50.69390529736428,51.706566020829534,52.63054811615151,54.00772606307165,55.130362296403554,55.83061914066249,58.17787410407309,58.692612677493
9.250287655281335,8.516221878368311,7.772079369667563,6.842192433600087,5.728366969473702,5.280449336965717,4.443600070891375,4.1885186625457305,3.5837708002007367,2.9695720529819623,2.416653455450925,2.033384398261282,1.8577827752627276,1.002635879218975,0.4545870352854689,0.0,0.4742211445718041,0.8359763376576332,1.5616000676075934,2.189021003226233,2.6841005534340487,3.3018124205019728,3.662045663282216,4.292603465130298,4.914727363640568,4.963976352839557,5.79481019486303,6.61854388402802,6.933514341340381,7.500839636212126,8.209313793318161,8.560382397200303,9.37147986618628,9.417999426056522,10.318605275019388,10.528020801735693,11.275706648073818,12.055854329286545,13.038857289540037,13.7979870666493,14.707701080261836,15.65043539984798,16.11239121084181,16.849947214010797,17.91233578164085,18.146903552336948,19.2596074404408,19.4178338963424,19.58765833163187,20.071603436629637,20.24480579621325,20.37666615844787,21.05293401576677,22.044466913627502,22.45907265073395,22.48432176050685,22.48432176050685,23.22938605088727,23.373025523401104,23.56688891026796,24.552184328480934,25.881936185638168,26.37267800875351,27.30819647084584,27.54635051005369,28.64350599286088,29.44422000386844,30.158231786661748,30.613618860205136,31.278504138485328,31.31027116092369,32.293275396689886,32.83271755624049,33.811925202610944,34.352902052847554,35.1209563240652,35.64516724094261,36.06952629910657,36.929734361994015,37.3934304566195,38.28910026351373,39.01766190279344,40.1413358707636,40.8786115016098,41.52757709511671,42.41751143763434,43.11860776571367,43.39260158137996,43.92856237872142,44.60761761189297,44.92684180236744,45.20769805376813,46.255080126436496,46.86040502282452,47.24270809374243,48.10543542101199,49.00202540219277,50.31259438406812,51.32833563556366,52.255032164701966,53.636164651958985,54.7622070276745,55.4644118376234,57.819168250404815,58.335798223594914
9.693912467836212,8.954261513635752,8.202771371626552,7.261882404425316,6.156489480870501,5.713169222182193,4.8743864589131,4.619910025937353,4.019135460555415,3.4027026872390653,2.8387650708624044,2.4516747012710107,2.274127165922807,1.441133672026507,0.9190310805034846,0.4742211445718041,0.0,0.36330329121402,1.09193728489055,1.728245711566119,2.246244887961348,2.8798600334445594,3.2451899882787028,3.8817072481924417,4.510449692422943,4.560178396267977,5.395729137236712,6.196980608745355,6.504924427640655,7.062411142681402,7.762174654142306,8.110898206012733,8.918267271351997,8.964578467665056,9.86198255253881,10.071475198788152,10.822706379056656,11.607337498715143,12.592178190787964,13.35165860650719,14.261797676885031,15.200323029142735,15.659261384738064,16.39389281366408,17.4542910986526,17.68846711965101,18.797790235272178,18.954481097969797,19.122823125743015,19.60335580718641,19.775225869042448,19.90615625032998,20.58004880590661,21.570327037467475,21.98485231252308,22.010100814251743,22.010100814251743,22.75542113826724,22.899135312567804,23.093092733351867,24.07843275198951,25.40796788812933,25.89871756390563,26.834374890877022,27.072567082556567,28.169908282676904,28.97076931348061,29.68491982486234,30.140394575428584,30.805414624326605,30.837187843353423,31.820392208537363,32.35994535550306,33.33933128691078,33.880410909936266,34.648587482591964,35.17304179496,35.59750569459001,36.45787069764816,36.92163560453542,37.817434235122384,38.54614488570075,39.67039988292389,40.40835510491672,41.0580438647924,41.94835860966861,42.65048010577856,42.92594738648117,43.46371001726846,44.14411663217328,44.46407331123354,44.745958423326265,45.79481319094681,46.40141944080553,46.784635754971525,47.64799378035055,48.54505358665941,49.85803881666718,50.87548452007111,51.80371240393974,53.187122666003205,54.31517000552075,55.01853755091346,57.37788227411535,57.89569537701771
10.048011616730705,9.30580643539388,8.550845533974098,7.604635667400748,6.503938874784919,6.0630167645796895,5.223763158083586,4.969728375710703,4.371151514633187,3.7543299865881776,3.186591267751382,2.7988526160550866,2.6210750782530523,1.798669894622872,1.282285070548842,0.8359763376576332,0.36330329121402,0.0,0.7291469405168013,1.3698626324132377,1.9035157522090744,2.5472000711941054,2.915282415044661,3.554662890161344,4.187019155325452,4.237009473977065,5.07470849404666,5.859772143088292,6.16296611582535,6.71410380985639,7.408635713365081,7.756018014409735,8.561340584103819,8.607542063763345,9.503317086224715,9.712834587622623,10.46574675477024,11.25263567198116,12.23838880539078,12.99801109202121,13.908328372544856,14.844615950634184,15.302038953805836,16.035270830816685,17.094760484881625,17.32876354270227,18.436700147167887,18.592828594769006,18.760675550943937,19.24032098152392,19.411989246090755,19.54285586614301,20.21714985611788,21.209019802318192,21.62424269077588,21.649533135961622,21.649533135961622,22.39659608221373,22.540573214266644,22.734830848664465,23.720300288712583,25.04912070912635,25.53989789454366,26.47601993905137,26.71432825735599,27.81218847910533,28.6134214092007,29.32790073758654,29.783574433642556,30.44888936966993,30.480675854479102,31.464297065840668,32.00407272541714,32.98380479304301,33.525078685237794,34.29348145077526,34.818376939531646,35.24302542718501,36.1036611870388,36.56754283483124,37.46355743177593,38.1925152856933,39.31770746903268,40.05670760853876,40.70746070717954,41.5983166334684,42.30185968035271,42.57928467398779,43.11933502785343,43.80139780514624,44.12223548168204,44.405341728090576,45.45590818792958,46.06397981651276,46.44822780609731,47.31228758548089,48.2098651825492,49.52550395096503,50.544788705084926,51.47464900996462,52.860456675381855,53.99058805048448,54.69515328758288,57.05916226656954,57.57816367506277
10.768852729181972,10.02339744951955,9.26387732755686,8.310543132977214,7.216805141825647,6.779207400171681,5.939753359909492,5.686411184928047,5.090812484759474,4.473960090740181,3.902561859791539,3.5147485875964914,3.337079430095208,2.5255032566585136,2.0108251370621435,1.5616000676075934,1.09193728489055,0.7291469405168013,0.0,0.6518678260666602,1.2271816614996194,1.888218565309048,2.2588581222453663,2.8995845358378243,3.5363466098325365,3.586661920944527,4.425467050583467,5.174737740451457,5.468068926623626,6.006619812753679,6.691536541643857,7.036595399926078,7.838560032715318,7.884590730115964,8.777952764003933,8.98749225644237,9.74274248171379,10.53300704161008,11.520108507960003,12.279890284457249,13.19041941266186,14.123215040394522,14.57842635557158,15.30974845120882,16.368092682178144,16.60188967530146,17.708372693081984,17.86405201392315,18.03161979523295,18.511434954444248,18.68363368854771,18.815118087585404,19.49279714714224,20.490859254485237,20.90837527829092,20.933799750536373,20.933799750536373,21.686184708391128,21.830930901137403,22.026057328769724,23.01186435813622,24.338556377811056,24.82940036723043,25.76685161976805,26.005488741497043,27.10480349550245,27.90706533716164,28.622446165135795,29.078661259088552,29.744774554361143,29.776596785162297,30.761336722601595,31.30170545158691,32.28235171534353,32.824136561061174,33.59312880622718,34.11919190618919,34.5443215257186,35.405654963511765,35.869834473624366,36.76639822379817,37.49598974575686,38.62360330528607,39.36528497555528,40.01874376182861,40.910951915410514,41.618058656451566,41.900352446552034,42.44601692460682,43.13209464664355,43.45505689372901,43.74110012677301,44.79573800928643,45.40728437653777,45.79396981257282,46.65966214202992,47.558433389666426,48.88027056040116,49.90382102729839,50.83745030084243,52.22876637003264,53.363665460721656,54.07095969382422,56.445551812122496,56.9672387938498
11.417082564812231,10.673156003415054,9.914905938711474,8.962361268415615,7.867804085003807,7.429343852290118,6.589904430397162,6.33632418009999,5.739483772513311,5.122591301595313,4.5525100487547165,4.16464876451351,3.986908453617709,3.168274646147045,2.6424355457712725,2.189021003226233,1.728245711566119,1.3698626324132377,0.6518678260666602,0.0,0.6100048213503452,1.270397580090551,1.637847652955431,2.2741895820917155,2.910819632833364,2.9611494360567754,3.798052678329237,4.528076815018178,4.818148423628009,5.354757557321104,6.041105567127946,6.38720107606459,7.191510296451471,7.237696803242799,8.133851735149209,8.343354680403591,9.095904591563995,9.883797488534016,10.870262492135536,11.629985747069298,12.540437142211506,13.475120905803138,13.932176331480903,14.665795618584765,15.72605915036668,15.96026947805714,17.070858164965454,17.228813017711204,17.39890342554162,17.886238553862967,18.06235552921093,18.19709924904097,18.88690465145912,19.90063942416752,20.3231393044476,20.34884625323577,20.34884625323577,21.111893994560504,21.258096332748234,21.454842839176536,22.44113433127873,23.76359968941841,24.254512730860565,25.1943861354697,25.43361450902521,26.53550882849799,27.339564338142303,28.05649765526281,28.513634923919334,29.18109907140468,29.212981330388885,30.19959029801861,30.740940041934056,31.723075256329736,32.26568795504715,33.03561923584012,33.563609877383946,33.989511262932744,34.85193967466585,35.316577896651495,36.21398276561583,36.94456371810449,38.07603095657499,38.8219371801226,39.4795899834071,40.37382913790467,41.086325791096165,41.37587249462961,41.9296876717376,42.62145803065551,42.94740064884782,43.23753920783879,44.29773663092957,44.913993084133374,45.30395654944405,46.171785110204425,47.07209298301499,48.40207800560268,49.431153780518414,50.369616735113205,51.767923031832375,52.908812551779015,53.61950627804879,56.00714529227958,56.532110157879714
11.934252938904107,11.19825942692156,10.448858771678772,9.507019390360952,8.402712141528433,7.958747702385554,7.120245965128779,6.865625035136724,6.263626210877509,5.647702400309405,5.0850096734570185,4.6978615049116845,4.520263731574666,3.682004762498833,3.137783362354692,2.6841005534340487,2.246244887961348,1.9035157522090744,1.2271816614996194,0.6100048213503452,0.0,0.6634162250438154,1.0332558056355905,1.6730739549856983,2.3100583827649186,2.3603944740100222,3.1988957546922543,3.957081286285747,4.259727816706365,4.817579666782366,5.526877612119755,5.879938636199696,6.695938458786951,6.742804539952194,7.649736838424144,7.858812579503316,8.59897853842651,9.373798497311537,10.35560447174779,11.114546114182746,12.024071033987404,12.969370516384748,13.434828049071523,14.177347467258686,15.24407347418426,15.479604211351036,16.60274711931746,16.767216777210752,16.944157926801793,17.4502141435799,17.63536489096341,17.777328562230966,18.492079234058917,19.534955694517457,19.96614903088644,19.992341486280274,19.992341486280274,20.773363961083195,20.92193866593696,21.121292805953413,22.107952311090568,23.422851747311203,23.91370420587505,24.85729878596438,25.09742899090965,26.203226110024104,27.009972237830716,27.7292212241358,28.187722534505102,28.85718194232352,28.889152196115948,29.87849915114827,30.42127773994437,31.405542526691388,31.949339775597224,32.72058217134186,33.251475407473094,33.67849171522396,34.54245063716214,35.007711226732006,35.90625171657082,36.63822764953018,37.77538815580753,38.52754665667939,39.19134908059444,40.08845394716455,40.80873752039698,41.108701671554265,41.67398508058682,42.37360010335655,42.70361827311245,42.99934032969354,44.066950110476405,44.68946656046501,45.08376041503258,45.95431388649495,46.85654125534371,48.19707272307545,49.23320464012416,50.177785845887335,51.58485636407164,52.73319174903038,53.44807574612248,55.85165103977843,56.38058334794456
